/*
for some reason the gripHand's rotation is screwed. i can manually fix this by updating the babylon json with the below code slopped by gemini

this runs in your console on the legacyshell page (when vars arent iif'ed)

dont even suggest converting to glb, fixing and re-exporting. i DONT want to try that again

by the way i had to do this to all the guns.

i hate this. i hate this. i hate this. i hate this.

-onlypuppy7, 2026
*/


(function() {
    // 1. YOUR DATA (Paste your bone object here)
    var boneData = {"name":"gripHand","index":7,"matrix":[1,0,0,0,0,-0.8789,-0.4769,0,0,-0.4769,0.8789,0,0.25,-0.0562,0.2305,1],"rest":[1,0,0,0,0,-1,0,0,0,0,1,0,0.25,0,0.25,1],"parentBoneIndex":-1,"length":0.05
,"animation":{"dataType":3,"framePerSecond":60,"keys":[
{"frame":0,"values":[1,0,0,0,0,-0.8789,-0.4769,0,0,-0.4769,0.8789,0,0.25,-0.0562,0.2451,1]},
{"frame":1,"values":[1,0,0,0,0,-0.8883,-0.4593,0,0,-0.4593,0.8883,0,0.25,-0.0544,0.2268,1]},
{"frame":2,"values":[1,0,0,0,0,-0.8938,-0.4484,0,0,-0.4484,0.8938,0,0.25,-0.0532,0.2284,1]},
{"frame":3,"values":[1,0,0,0,0,-0.8981,-0.4399,0,0,-0.4399,0.8981,0,0.25,-0.0521,0.2314,1]},
{"frame":4,"values":[1,0,0,0,0,-0.9007,-0.4345,0,0,-0.4345,0.9007,0,0.25,-0.0513,0.2351,1]},
{"frame":5,"values":[1,0,0,0,0,-0.9019,-0.432,0,0,-0.432,0.9019,0,0.25,-0.0509,0.2386,1]},
{"frame":6,"values":[1,0,0,0,0,-0.9022,-0.4314,0,0,-0.4314,0.9022,0,0.25,-0.0508,0.2409,1]},
{"frame":7,"values":[1,0,0,0,0,-0.9016,-0.4327,0,0,-0.4327,0.9016,0,0.25,-0.051,0.2423,1]},
{"frame":8,"values":[1,0,0,0,0,-0.8997,-0.4365,0,0,-0.4365,0.8997,0,0.25,-0.0514,0.2435,1]},
{"frame":9,"values":[1,0,0,0,0,-0.8968,-0.4425,0,0,-0.4425,0.8968,0,0.25,-0.0521,0.2444,1]},
{"frame":10,"values":[1,0,0,0,0,-0.8929,-0.4502,0,0,-0.4502,0.8929,0,0.25,-0.0531,0.2449,1]},
{"frame":11,"values":[1,0,0,0,0,-0.8887,-0.4584,0,0,-0.4584,0.8887,0,0.25,-0.054,0.2452,1]},
{"frame":12,"values":[1,0,0,0,0,-0.8848,-0.466,0,0,-0.466,0.8848,0,0.25,-0.0549,0.2453,1]},
{"frame":13,"values":[1,0,0,0,0,-0.8816,-0.472,0,0,-0.472,0.8816,0,0.25,-0.0557,0.2452,1]},
{"frame":14,"values":[1,0,0,0,0,-0.8796,-0.4757,0,0,-0.4757,0.8796,0,0.25,-0.0561,0.2452,1]},
{"frame":15,"values":[1,0,0,0,0,-0.8789,-0.4769,0,0,-0.4769,0.8789,0,0.25,-0.0562,0.2451,1]},
{"frame":20,"values":[1,0,0,0,0,-0.8789,-0.4769,0,0,-0.4769,0.8789,0,0.25,-0.0562,0.2451,1]},
{"frame":21,"values":[1,0,0,0,0,-0.8789,-0.4769,0,0,-0.4769,0.8789,0,0.25,-0.0562,0.2451,1]},
{"frame":30,"values":[1,0,0,0,0,-0.8789,-0.4769,0,0,-0.4769,0.8789,0,0.25,-0.0562,0.2305,1]},
{"frame":31,"values":[1,0.0059,0.0018,0,0.006,-0.8851,-0.4654,0,0.0012,-0.4654,0.8851,0,0.2503,-0.0555,0.231,1]},
{"frame":32,"values":[0.9997,0.025,0.0069,0,0.0255,-0.9024,-0.43,0,0.0045,-0.4301,0.9028,0,0.2532,-0.0553,0.233,1]},
{"frame":33,"values":[0.9981,0.0603,0.0148,0,0.0615,-0.9266,-0.371,0,0.0087,-0.3712,0.9285,0,0.263,-0.0603,0.2369,1]},
{"frame":34,"values":[0.9932,0.1142,0.0241,0,0.1163,-0.9497,-0.2908,0,0.0103,-0.2916,0.9565,0,0.2803,-0.0708,0.2428,1]},
{"frame":35,"values":[0.9822,0.185,0.0331,0,0.1878,-0.9624,-0.1964,0,0.0045,-0.1992,0.98,0,0.2994,-0.0797,0.2501,1]},
{"frame":36,"values":[0.9635,0.2648,0.0398,0,0.2675,-0.9585,-0.0989,0,-0.012,-0.1059,0.9943,0,0.3149,-0.08,0.2564,1]},
{"frame":37,"values":[0.9388,0.3416,0.0435,0,0.3424,-0.9395,-0.0106,0,-0.0372,-0.0248,0.999,0,0.3242,-0.0689,0.2581,1]},
{"frame":38,"values":[0.9139,0.4036,0.0444,0,0.4009,-0.9143,0.0578,0,-0.064,0.035,0.9973,0,0.3246,-0.0505,0.2538,1]},
{"frame":39,"values":[0.8955,0.4428,0.0441,0,0.4371,-0.8938,0.1002,0,-0.0838,0.0705,0.994,0,0.3186,-0.0354,0.2465,1]},
{"frame":40,"values":[0.8888,0.4562,0.0438,0,0.4492,-0.8861,0.1143,0,-0.0909,0.0819,0.9925,0,0.311,-0.0315,0.2405,1]},
{"frame":41,"values":[0.8417,0.54,0.0007,0,0.5361,-0.8357,0.1194,0,-0.0651,0.1001,0.9928,0,0.3051,-0.0287,0.2361,1]},
{"frame":42,"values":[0.6418,0.7566,-0.1251,0,0.7666,-0.6284,0.132,0,-0.0212,0.1806,0.9833,0,0.3027,-0.0176,0.2321,1]},
{"frame":43,"values":[0.2801,0.917,-0.284,0,0.9582,-0.2494,0.1398,0,-0.0574,0.3113,0.9486,0,0.3026,-0.0017,0.229,1]},
{"frame":44,"values":[-0.0353,0.9154,-0.401,0,0.9852,0.0993,0.14,0,-0.1679,0.3902,0.9053,0,0.3016,0.0156,0.2269,1]},
{"frame":45,"values":[-0.1532,0.882,-0.4456,0,0.962,0.2363,0.1369,0,-0.226,0.4077,0.8847,0,0.3003,0.0246,0.2259,1]},
{"frame":46,"values":[-0.1527,0.8799,-0.45,0,0.962,0.2366,0.1362,0,-0.2263,0.4121,0.8826,0,0.301,0.0245,0.2184,1]},
{"frame":47,"values":[-0.1519,0.8782,-0.4535,0,0.9622,0.2364,0.1356,0,-0.2263,0.4157,0.8809,0,0.3027,0.0232,0.1985,1]},
{"frame":48,"values":[-0.1509,0.8771,-0.456,0,0.9624,0.2358,0.135,0,-0.2259,0.4185,0.8797,0,0.3044,0.0215,0.1777,1]},
{"frame":49,"values":[-0.1356,0.8799,-0.4554,0,0.9679,0.2158,0.1287,0,-0.2116,0.4233,0.8809,0,0.305,0.0209,0.1668,1]},
{"frame":50,"values":[-0.0912,0.8883,-0.4501,0,0.9809,0.1582,0.1134,0,-0.1719,0.4311,0.8858,0,0.305,0.0208,0.162,1]},
{"frame":51,"values":[-0.0169,0.8975,-0.4406,0,0.9938,0.0635,0.0912,0,-0.1098,0.4363,0.8931,0,0.3053,0.0202,0.1569,1]},
{"frame":52,"values":[0.0864,0.8999,-0.4275,0,0.9959,-0.0656,0.063,0,-0.0286,0.4312,0.9018,0,0.3059,0.0183,0.152,1]},
{"frame":53,"values":[0.2151,0.8858,-0.4112,0,0.9744,-0.2231,0.0292,0,0.0659,0.4069,0.9111,0,0.3071,0.0142,0.1466,1]},
{"frame":54,"values":[0.3613,0.8459,-0.3923,0,0.9178,-0.3969,-0.0105,0,0.1646,0.3562,0.9198,0,0.309,0.0073,0.1402,1]},
{"frame":55,"values":[0.5128,0.7738,-0.3719,0,0.8196,-0.5701,-0.056,0,0.2554,0.2761,0.9266,0,0.3117,-0.0031,0.133,1]},
{"frame":56,"values":[0.6551,0.6689,-0.3514,0,0.6817,-0.7238,-0.1067,0,0.3257,0.1697,0.9301,0,0.3153,-0.0168,0.1252,1]},
{"frame":57,"values":[0.7749,0.5377,-0.3323,0,0.5151,-0.8418,-0.1611,0,0.3663,0.0463,0.9293,0,0.3196,-0.0333,0.1167,1]},
{"frame":58,"values":[0.8638,0.3927,-0.3156,0,0.3371,-0.9161,-0.2173,0,0.3744,-0.0814,0.9237,0,0.3244,-0.0516,0.1078,1]},
{"frame":59,"values":[0.9204,0.2484,-0.3018,0,0.1662,-0.9475,-0.2731,0,0.3538,-0.2012,0.9134,0,0.3292,-0.0704,0.0985,1]},
{"frame":60,"values":[0.9494,0.1179,-0.2909,0,0.0173,-0.945,-0.3265,0,0.3134,-0.3049,0.8993,0,0.3339,-0.088,0.0889,1]},
{"frame":61,"values":[0.9592,0.0107,-0.2824,0,-0.1005,-0.9211,-0.3761,0,0.2642,-0.3891,0.8825,0,0.3379,-0.1031,0.079,1]},
{"frame":62,"values":[0.9588,-0.0681,-0.2756,0,-0.1841,-0.8881,-0.4211,0,0.2162,-0.4545,0.8641,0,0.3409,-0.1146,0.069,1]},
{"frame":63,"values":[0.9558,-0.1163,-0.2701,0,-0.2344,-0.8558,-0.4612,0,0.1775,-0.5041,0.8452,0,0.3428,-0.1217,0.0588,1]},
{"frame":64,"values":[0.9548,-0.1339,-0.2653,0,-0.2543,-0.8301,-0.4963,0,0.1537,-0.5414,0.8266,0,0.3435,-0.1241,0.0487,1]},
{"frame":65,"values":[0.9557,-0.1363,-0.261,0,-0.2595,-0.8088,-0.5278,0,0.1391,-0.5721,0.8083,0,0.342,-0.1237,0.038,1]},
{"frame":66,"values":[0.9564,-0.1388,-0.2571,0,-0.264,-0.7877,-0.5566,0,0.1253,-0.6002,0.79,0,0.3375,-0.1227,0.0261,1]},
{"frame":67,"values":[0.9569,-0.1412,-0.2537,0,-0.2677,-0.7674,-0.5826,0,0.1124,-0.6255,0.7721,0,0.3302,-0.1211,0.0134,1]},
{"frame":68,"values":[0.9574,-0.1435,-0.2507,0,-0.2707,-0.7481,-0.6059,0,0.1006,-0.6479,0.755,0,0.3205,-0.1189,0.0002,1]},
{"frame":69,"values":[0.9577,-0.1456,-0.2481,0,-0.2732,-0.7301,-0.6263,0,0.09,-0.6676,0.739,0,0.3091,-0.1163,-0.0128,1]},
{"frame":70,"values":[0.958,-0.1475,-0.246,0,-0.2753,-0.7139,-0.6439,0,0.0807,-0.6845,0.7245,0,0.2971,-0.1135,-0.0249,1]},
{"frame":71,"values":[0.9581,-0.1492,-0.2444,0,-0.2769,-0.6997,-0.6586,0,0.0727,-0.6987,0.7117,0,0.2857,-0.111,-0.0353,1]},
{"frame":72,"values":[0.9582,-0.1505,-0.2432,0,-0.2782,-0.6879,-0.6704,0,0.0664,-0.7101,0.701,0,0.276,-0.1087,-0.0437,1]},
{"frame":73,"values":[0.9582,-0.1516,-0.2425,0,-0.2793,-0.6786,-0.6793,0,0.0616,-0.7187,0.6926,0,0.2687,-0.1071,-0.0496,1]},
{"frame":74,"values":[0.9582,-0.1523,-0.2424,0,-0.2802,-0.6724,-0.6852,0,0.0586,-0.7244,0.6869,0,0.2642,-0.1061,-0.053,1]},
{"frame":75,"values":[0.958,-0.1526,-0.2427,0,-0.2809,-0.6693,-0.6879,0,0.0575,-0.7272,0.684,0,0.2627,-0.1057,-0.0542,1]},
{"frame":76,"values":[0.9581,-0.1514,-0.243,0,-0.2802,-0.6708,-0.6867,0,0.0591,-0.726,0.6851,0,0.2653,-0.1055,-0.0534,1]},
{"frame":77,"values":[0.9588,-0.1477,-0.2427,0,-0.2768,-0.678,-0.6809,0,0.0639,-0.7201,0.691,0,0.2731,-0.1049,-0.0512,1]},
{"frame":78,"values":[0.9599,-0.1417,-0.2417,0,-0.2709,-0.6904,-0.6708,0,0.0718,-0.7094,0.7012,0,0.2861,-0.1039,-0.0476,1]},
{"frame":79,"values":[0.9615,-0.1335,-0.2403,0,-0.2623,-0.7076,-0.6562,0,0.0824,-0.6939,0.7153,0,0.3034,-0.1026,-0.0428,1]},
{"frame":80,"values":[0.9633,-0.1231,-0.2385,0,-0.2509,-0.7287,-0.6372,0,0.0953,-0.6736,0.7329,0,0.3232,-0.1009,-0.0366,1]},
{"frame":81,"values":[0.9653,-0.1108,-0.2364,0,-0.2367,-0.7532,-0.6137,0,0.11,-0.6484,0.7533,0,0.3434,-0.0989,-0.0293,1]},
{"frame":82,"values":[0.9674,-0.0966,-0.2341,0,-0.2196,-0.7802,-0.5857,0,0.126,-0.6181,0.776,0,0.362,-0.0966,-0.0208,1]},
{"frame":83,"values":[0.9694,-0.0808,-0.2317,0,-0.1996,-0.8088,-0.5532,0,0.1427,-0.5826,0.8002,0,0.3775,-0.094,-0.0113,1]},
{"frame":84,"values":[0.9713,-0.0634,-0.2293,0,-0.1765,-0.8381,-0.5162,0,0.1595,-0.5418,0.8252,0,0.3892,-0.0912,-0.0008,1]},
{"frame":85,"values":[0.9729,-0.0444,-0.2269,0,-0.1503,-0.8672,-0.4747,0,0.1757,-0.496,0.8504,0,0.3993,-0.088,0.0106,1]},
{"frame":86,"values":[0.9742,-0.0238,-0.2243,0,-0.1207,-0.8952,-0.429,0,0.1906,-0.445,0.875,0,0.4097,-0.0845,0.0229,1]},
{"frame":87,"values":[0.9751,-0.0014,-0.2216,0,-0.0875,-0.9212,-0.3792,0,0.2036,-0.3891,0.8984,0,0.4197,-0.0807,0.036,1]},
{"frame":88,"values":[0.9756,0.0229,-0.2185,0,-0.0508,-0.9441,-0.3257,0,0.2137,-0.3288,0.9199,0,0.4282,-0.0764,0.0498,1]},
{"frame":89,"values":[0.9754,0.0492,-0.2151,0,-0.0107,-0.9631,-0.2688,0,0.2204,-0.2645,0.9389,0,0.4342,-0.0717,0.0642,1]},
{"frame":90,"values":[0.9743,0.0776,-0.2113,0,0.0325,-0.9774,-0.209,0,0.2228,-0.1968,0.9548,0,0.4368,-0.0666,0.0791,1]},
{"frame":91,"values":[0.9723,0.1081,-0.2072,0,0.0783,-0.9861,-0.1468,0,0.2202,-0.1265,0.9672,0,0.4354,-0.061,0.0946,1]},
{"frame":92,"values":[0.9691,0.1408,-0.2028,0,0.1263,-0.9885,-0.0829,0,0.2121,-0.0548,0.9757,0,0.43,-0.055,0.1104,1]},
{"frame":93,"values":[0.9644,0.1754,-0.1981,0,0.1754,-0.9843,-0.0179,0,0.1981,0.0175,0.98,0,0.4212,-0.0485,0.1265,1]},
{"frame":94,"values":[0.958,0.2118,-0.1932,0,0.2247,-0.9733,0.0475,0,0.178,0.089,0.98,0,0.4096,-0.0416,0.1428,1]},
{"frame":95,"values":[0.9499,0.2494,-0.1883,0,0.2731,-0.9554,0.1126,0,0.1518,0.1584,0.9756,0,0.3968,-0.0344,0.1593,1]},
{"frame":96,"values":[0.94,0.2877,-0.1833,0,0.3194,-0.931,0.1765,0,0.1199,0.2245,0.9671,0,0.3838,-0.0272,0.1761,1]},
{"frame":97,"values":[0.9284,0.3261,-0.1784,0,0.3623,-0.901,0.2385,0,0.0829,0.2861,0.9546,0,0.3706,-0.0199,0.193,1]},
{"frame":98,"values":[0.9152,0.3638,-0.1734,0,0.4009,-0.8664,0.2978,0,0.0419,0.3421,0.9387,0,0.3577,-0.0126,0.2095,1]},
{"frame":99,"values":[0.9008,0.4001,-0.1685,0,0.4342,-0.8285,0.3536,0,-0.0019,0.3917,0.9201,0,0.3452,-0.0054,0.2255,1]},
{"frame":100,"values":[0.8858,0.4343,-0.1634,0,0.4616,-0.789,0.4054,0,-0.0472,0.4345,0.8994,0,0.3333,0.0016,0.2407,1]},
{"frame":101,"values":[0.8707,0.4657,-0.1581,0,0.4831,-0.7497,0.4523,0,-0.0922,0.4702,0.8777,0,0.3223,0.0082,0.2547,1]},
{"frame":102,"values":[0.8562,0.4936,-0.1525,0,0.4986,-0.7123,0.4939,0,-0.1352,0.4989,0.856,0,0.3125,0.0144,0.2672,1]},
{"frame":103,"values":[0.8431,0.5174,-0.1466,0,0.5087,-0.6788,0.5296,0,-0.1745,0.5211,0.8355,0,0.304,0.0198,0.2781,1]},
{"frame":104,"values":[0.8321,0.5365,-0.1407,0,0.5141,-0.6508,0.5587,0,-0.2082,0.5372,0.8173,0,0.2972,0.0244,0.2869,1]},
{"frame":105,"values":[0.824,0.5502,-0.1351,0,0.5158,-0.6299,0.5807,0,-0.2344,0.5481,0.8029,0,0.2921,0.0279,0.2935,1]},
{"frame":106,"values":[0.819,0.5589,-0.1302,0,0.5158,-0.6175,0.5938,0,-0.2514,0.5535,0.794,0,0.289,0.0299,0.298,1]},
{"frame":107,"values":[0.817,0.5624,-0.127,0,0.5161,-0.615,0.5962,0,-0.2572,0.5527,0.7927,0,0.2879,0.0301,0.3006,1]},
{"frame":108,"values":[0.8169,0.5631,-0.1251,0,0.5168,-0.6182,0.5922,0,-0.2561,0.5484,0.796,0,0.2879,0.0293,0.3022,1]},
{"frame":109,"values":[0.8168,0.5637,-0.1228,0,0.5177,-0.622,0.5874,0,-0.2548,0.5434,0.7999,0,0.2878,0.0284,0.3038,1]},
{"frame":110,"values":[0.8168,0.5641,-0.1208,0,0.5183,-0.6257,0.583,0,-0.2533,0.5389,0.8034,0,0.2877,0.0279,0.3049,1]},
{"frame":111,"values":[0.8171,0.5641,-0.1192,0,0.5186,-0.6286,0.5796,0,-0.252,0.5354,0.8061,0,0.2877,0.0279,0.3054,1]},
{"frame":112,"values":[0.8241,0.5522,-0.1264,0,0.5174,-0.6428,0.5648,0,-0.2307,0.5308,0.8155,0,0.2897,0.0255,0.3024,1]},
{"frame":113,"values":[0.8399,0.52,-0.1554,0,0.5155,-0.675,0.5279,0,-0.1696,0.5235,0.835,0,0.2951,0.0188,0.2941,1]},
{"frame":114,"values":[0.8518,0.4777,-0.215,0,0.5186,-0.7113,0.4745,0,-0.0738,0.5157,0.8536,0,0.3022,0.0099,0.2809,1]},
{"frame":115,"values":[0.8421,0.4419,-0.3094,0,0.5376,-0.7344,0.4143,0,0.0441,0.5152,0.8559,0,0.3098,0.0023,0.2636,1]},
{"frame":116,"values":[0.7935,0.4278,-0.4327,0,0.5864,-0.7277,0.3558,0,0.1627,0.5361,0.8283,0,0.3163,-0.0004,0.2437,1]},
{"frame":117,"values":[0.6952,0.4386,-0.5695,0,0.6728,-0.676,0.3006,0,0.2532,0.5922,0.765,0,0.321,0.0037,0.2236,1]},
{"frame":118,"values":[0.5468,0.4592,-0.7001,0,0.7868,-0.5678,0.2421,0,0.2863,0.6832,0.6718,0,0.3236,0.0126,0.2055,1]},
{"frame":119,"values":[0.3632,0.4651,-0.8073,0,0.8989,-0.403,0.1722,0,0.2453,0.7882,0.5644,0,0.3242,0.0216,0.1913,1]},
{"frame":120,"values":[0.173,0.4386,-0.8819,0,0.9751,-0.2025,0.0905,0,0.1389,0.8756,0.4627,0,0.3232,0.0262,0.1817,1]},
{"frame":121,"values":[0.0077,0.3821,-0.9241,0,1,-0.0035,0.0069,0,0.0006,0.9241,0.3822,0,0.3211,0.0252,0.1759,1]},
{"frame":122,"values":[-0.1117,0.3157,-0.9423,0,0.9853,0.1586,-0.0637,0,-0.1294,0.9355,0.3287,0,0.3186,0.0209,0.1729,1]},
{"frame":123,"values":[-0.1805,0.2638,-0.9475,0,0.9584,0.2637,-0.1091,0,-0.2211,0.9278,0.3004,0,0.3166,0.017,0.1716,1]},
{"frame":124,"values":[-0.2024,0.2459,-0.9479,0,0.9455,0.3011,-0.1238,0,-0.255,0.9213,0.2935,0,0.3157,0.0159,0.1764,1]},
{"frame":125,"values":[-0.2027,0.2493,-0.947,0,0.9452,0.3024,-0.1228,0,-0.2558,0.92,0.2969,0,0.3152,0.0164,0.1913,1]},
{"frame":126,"values":[-0.2031,0.2527,-0.946,0,0.9449,0.304,-0.1216,0,-0.2569,0.9185,0.3005,0,0.3146,0.0165,0.211,1]},
{"frame":127,"values":[-0.2034,0.2565,-0.9449,0,0.9445,0.3057,-0.1204,0,-0.258,0.9169,0.3045,0,0.3141,0.0162,0.2272,1]},
{"frame":128,"values":[-0.2038,0.2606,-0.9437,0,0.9442,0.3071,-0.1191,0,-0.2587,0.9153,0.3087,0,0.3139,0.0156,0.2346,1]},
{"frame":129,"values":[-0.1969,0.2799,-0.9396,0,0.9429,0.3166,-0.1033,0,-0.2685,0.9063,0.3263,0,0.315,0.0134,0.2364,1]},
{"frame":130,"values":[-0.1672,0.3314,-0.9286,0,0.9422,0.3311,-0.0515,0,-0.2904,0.8835,0.3676,0,0.319,0.0071,0.2376,1]},
{"frame":131,"values":[-0.0948,0.4051,-0.9093,0,0.9487,0.3136,0.0407,0,-0.3017,0.8588,0.4141,0,0.3261,-0.0067,0.2391,1]},
{"frame":132,"values":[0.0256,0.4693,-0.8827,0,0.9613,0.2306,0.1505,0,-0.2742,0.8524,0.4452,0,0.3323,-0.0295,0.2409,1]},
{"frame":133,"values":[0.1616,0.5037,-0.8486,0,0.9641,0.1031,0.2448,0,-0.2108,0.8577,0.4689,0,0.3334,-0.0548,0.2428,1]},
{"frame":134,"values":[0.2792,0.5257,-0.8036,0,0.9495,-0.0265,0.3126,0,-0.1431,0.8503,0.5065,0,0.3322,-0.0736,0.2453,1]},
{"frame":135,"values":[0.4105,0.537,-0.737,0,0.9089,-0.1757,0.3783,0,-0.0737,0.8251,0.5601,0,0.3324,-0.084,0.2494,1]},
{"frame":136,"values":[0.5768,0.5398,-0.6131,0,0.8147,-0.3251,0.4802,0,-0.0599,0.7765,0.6273,0,0.3371,-0.089,0.2553,1]},
{"frame":137,"values":[0.7512,0.5172,-0.4102,0,0.653,-0.4911,0.5766,0,-0.0967,0.7009,0.7066,0,0.3432,-0.0921,0.2619,1]},
{"frame":138,"values":[0.8893,0.4215,-0.1776,0,0.4387,-0.6762,0.5919,0,-0.1294,0.6043,0.7862,0,0.3455,-0.094,0.2673,1]},
{"frame":139,"values":[0.9581,0.2863,0.0076,0,0.2425,-0.8249,0.5106,0,-0.1524,0.4873,0.8598,0,0.3429,-0.0939,0.2697,1]},
{"frame":140,"values":[0.9804,0.1681,0.1023,0,0.119,-0.9205,0.3721,0,-0.1567,0.3527,0.9225,0,0.3355,-0.0918,0.2685,1]},
{"frame":141,"values":[0.988,0.0975,0.1195,0,0.0696,-0.9734,0.2181,0,-0.1375,0.2072,0.9686,0,0.3243,-0.0878,0.2641,1]},
{"frame":142,"values":[0.9931,0.0566,0.1023,0,0.0505,-0.9968,0.062,0,-0.1055,0.0564,0.9928,0,0.3098,-0.0815,0.2579,1]},
{"frame":143,"values":[0.9967,0.027,0.0764,0,0.0337,-0.9955,-0.088,0,-0.0737,-0.0903,0.9932,0,0.2932,-0.0734,0.2511,1]},
{"frame":144,"values":[0.9988,0.0091,0.049,0,0.0196,-0.9759,-0.2175,0,-0.0458,-0.2182,0.9748,0,0.2775,-0.0653,0.2446,1]},
{"frame":145,"values":[0.9997,0.001,0.0263,0,0.0093,-0.948,-0.3182,0,-0.0246,-0.3184,0.9477,0,0.2648,-0.0591,0.2392,1]},
{"frame":146,"values":[0.9999,-0.001,0.0114,0,0.0035,-0.9212,-0.389,0,-0.0109,-0.389,0.9212,0,0.2564,-0.0556,0.2352,1]},
{"frame":147,"values":[1,-0.0006,0.0037,0,0.0011,-0.9009,-0.4341,0,-0.0036,-0.4341,0.9009,0,0.252,-0.0545,0.2327,1]},
{"frame":148,"values":[1,-0.0001,0.0007,0,0.0002,-0.8879,-0.4601,0,-0.0007,-0.4601,0.8879,0,0.2503,-0.055,0.2313,1]},
{"frame":149,"values":[1,0,0,0,0,-0.881,-0.473,0,0,-0.473,0.881,0,0.25,-0.0559,0.2306,1]},
{"frame":150,"values":[1,0,0,0,0,-0.8789,-0.4769,0,0,-0.4769,0.8789,0,0.25,-0.0562,0.2305,1]}],"loopBehavior":1,"name":"anim","property":"_matrix"}};
    
// 2. CONFIGURATION
    var degToRad = Math.PI / 180;
    var rotationOffset = BABYLON.Matrix.RotationX(90 * degToRad);
    var posX = 0, posY = 0.0, posZ = 0;

    // 3. HELPERS
    function truncate(val) {
        // Using Number() ensures we don't get scientific notation for very small numbers
        return Number(Math.round(val * 10000) / 10000);
    }

    function transformArray(arr) {
        var mat = BABYLON.Matrix.FromArray(arr);
        
        // Apply rotation
        var result = rotationOffset.multiply(mat);
        
        // FORCE to standard array to avoid Float32Array precision re-insertion
        var rawArray = Array.prototype.slice.call(result.asArray());
        
        // Apply translation
        rawArray[12] += posX;
        rawArray[13] += posY;
        rawArray[14] += posZ;
        
        // Truncate
        return rawArray.map(truncate);
    }

    // 4. PROCESS
    boneData.matrix = transformArray(boneData.matrix);
    boneData.rest = transformArray(boneData.rest);

    if (boneData.animation && boneData.animation.keys) {
        boneData.animation.keys.forEach(function(key) {
            key.values = transformArray(key.values);
        });
    }

    // 5. OUTPUT
    var finalJson = JSON.stringify(boneData);
    console.log("CONVERSION COMPLETE (4dp - Strict)");
    console.log(finalJson);
    
    if (typeof copy === "function") {
        copy(finalJson);
        console.log("Copied to clipboard!");
    }
})();